32 32 0 1
1 1 1 1 1 1 1 1 1 1 1 1 1 1 1 1 1 1 1 1 1 1 1 1 1 1 1 1 1 1 1 1 
1 1 1 1 1 1 1 1 1 1 1 1 1 1 1 1 1 1 1 1 1 1 1 1 1 1 1 1 1 1 1 1 
1 1 1 1 1 1 1 1 1 1 1 1 1 1 1 1 1 1 1 1 1 1 1 1 1 1 1 1 1 1 1 1 
1 1 1 1 1 1 1 1 1 1 1 1 1 1 1 1 1 1 1 1 1 1 1 1 1 1 1 1 1 1 1 1 
1 1 1 1 1 1 1 1 1 1 1 1 1 1 1 1 1 1 1 1 1 1 1 1 1 1 1 1 1 1 1 1 
1 1 1 1 1 1 1 1 1 1 1 1 1 1 1 · · 1 1 1 1 1 1 1 1 1 1 1 1 1 1 1 
1 1 1 1 1 1 1 1 1 1 1 1 1 1 1 · · 1 1 1 1 1 1 1 1 1 1 1 1 1 1 1 
1 1 1 1 1 1 1 1 1 1 1 1 1 1 · · · · 1 1 1 1 1 1 1 1 1 1 1 1 1 1 
1 1 1 1 1 1 1 1 1 1 1 1 1 1 · · · · 1 1 1 1 1 1 1 1 1 1 1 1 1 1 
1 1 1 1 1 1 1 1 1 1 1 1 1 1 · · · · 1 1 1 1 1 1 1 1 1 1 1 1 1 1 
1 1 1 1 1 1 1 1 1 1 1 1 1 1 · · · · 1 1 1 1 1 1 1 1 1 1 1 1 1 1 
1 1 1 1 1 1 1 1 1 1 1 1 1 · · · · · · 1 1 1 1 1 1 1 1 1 1 1 1 1 
1 1 1 1 1 1 1 1 1 1 1 1 1 · · · · · · 1 1 1 1 1 1 1 1 1 1 1 1 1 
1 1 1 1 · · · · · · · · · · · · · · · · · · · · · · · · 1 1 1 1 
1 1 1 1 1 · · · · · · · · · · · · · · · · · · · · · · 1 1 1 1 1 
1 1 1 1 1 1 · · · · · · · · · · · · · · · · · · · · 1 1 1 1 1 1 
1 1 1 1 1 1 1 1 · · · · · · · · · · · · · · · · 1 1 1 1 1 1 1 1 
1 1 1 1 1 1 1 1 1 · · · · · · · · · · · · · · 1 1 1 1 1 1 1 1 1 
1 1 1 1 1 1 1 1 1 1 · · · · · · · · · · · · 1 1 1 1 1 1 1 1 1 1 
1 1 1 1 1 1 1 1 1 1 1 · · · · · · · · · · 1 1 1 1 1 1 1 1 1 1 1 
1 1 1 1 1 1 1 1 1 1 · · · · · · · · · · · · 1 1 1 1 1 1 1 1 1 1 
1 1 1 1 1 1 1 1 1 1 · · · · · · · · · · · · 1 1 1 1 1 1 1 1 1 1 
1 1 1 1 1 1 1 1 1 1 · · · · · · · · · · · · 1 1 1 1 1 1 1 1 1 1 
1 1 1 1 1 1 1 1 1 · · · · · · 1 1 · · · · · · 1 1 1 1 1 1 1 1 1 
1 1 1 1 1 1 1 1 1 · · · · 1 1 1 1 1 1 · · · · 1 1 1 1 1 1 1 1 1 
1 1 1 1 1 1 1 1 1 · · · 1 1 1 1 1 1 1 1 · · · 1 1 1 1 1 1 1 1 1 
1 1 1 1 1 1 1 1 · · · 1 1 1 1 1 1 1 1 1 1 · · · 1 1 1 1 1 1 1 1 
1 1 1 1 1 1 1 1 · 1 1 1 1 1 1 1 1 1 1 1 1 1 1 · 1 1 1 1 1 1 1 1 
1 1 1 1 1 1 1 1 1 1 1 1 1 1 1 1 1 1 1 1 1 1 1 1 1 1 1 1 1 1 1 1 
1 1 1 1 1 1 1 1 1 1 1 1 1 1 1 1 1 1 1 1 1 1 1 1 1 1 1 1 1 1 1 1 
1 1 1 1 1 1 1 1 1 1 1 1 1 1 1 1 1 1 1 1 1 1 1 1 1 1 1 1 1 1 1 1 
1 1 1 1 1 1 1 1 1 1 1 1 1 1 1 1 1 1 1 1 1 1 1 1 1 1 1 1 1 1 1 1 
